,Polarity
240,1
783,0
1721,1
2741,1
4630,1
2095,0
1158,0
257,1
4704,0
893,0
447,0
3992,1
1174,1
1385,0
1770,0
4619,0
5666,1
4576,1
2699,0
1695,1
6027,1
2228,1
1400,1
3856,1
1902,0
4622,0
333,0
4680,0
5599,0
1370,0
3361,0
4903,0
5319,1
2357,0
1820,0
2366,1
585,1
3513,0
3333,1
1615,0
247,1
4100,0
3442,0
3320,0
5446,0
2656,1
3035,0
1789,1
4938,0
2083,0
2446,0
124,0
3641,0
3980,1
4984,0
3646,1
2571,1
5803,0
4291,0
1183,0
2594,0
5971,0
598,0
75,1
315,0
1498,1
5560,1
4769,0
4489,0
5234,1
3652,0
3937,1
3789,1
149,0
453,0
5212,1
5128,1
5917,1
808,1
3970,0
3094,1
810,1
834,1
2586,0
4863,0
6058,0
2164,0
2957,1
5532,1
4391,0
6217,0
6324,1
1027,1
3799,1
5648,1
349,1
1480,1
3922,0
172,0
1600,0
4082,1
422,0
2298,1
881,0
5673,0
5582,1
1665,0
6012,0
102,1
4328,1
1580,0
6209,1
4894,0
5622,0
2552,1
5333,0
4666,1
135,0
2855,0
3857,0
4213,0
1786,1
3441,0
1153,1
1425,0
807,0
3905,0
879,1
4393,0
4758,1
799,1
354,0
1073,0
5700,0
144,0
380,0
1839,0
4618,1
121,0
3728,1
418,0
2944,0
5312,1
3429,1
6161,1
6284,0
555,1
1322,1
4118,0
3523,1
3793,1
5934,1
4290,1
5784,0
2579,0
4943,1
4066,0
5723,1
1225,0
3021,1
3306,0
2687,0
3413,0
4017,0
5231,1
6253,0
5579,0
414,0
5483,0
654,1
2596,0
1539,0
2864,1
3515,0
3927,0
589,1
4314,1
1536,1
3187,1
2915,1
4814,1
1963,0
701,0
5552,1
6289,0
3737,0
5241,0
3933,0
3580,1
4651,1
5563,1
110,1
3460,1
2572,1
1253,1
1623,1
4155,0
5027,0
5487,1
3307,1
3332,0
5020,0
3360,0
5303,0
3551,1
5255,1
5851,0
5629,1
107,0
29,0
3034,0
1509,0
751,0
584,0
4750,1
2350,1
2902,1
548,0
4896,1
5891,1
3611,1
2223,0
6102,1
6197,1
4439,0
5445,1
1670,1
4317,0
6208,1
6113,0
1315,0
4990,1
1454,0
90,1
1323,0
4925,0
4838,1
624,0
69,0
889,1
2732,1
4796,1
4176,1
4162,0
1760,1
947,1
877,0
3289,1
5913,0
293,0
2627,1
445,0
1330,0
1406,1
3670,1
4207,1
5996,1
4418,0
367,0
2770,0
3621,0
1411,1
2707,0
5807,0
5317,0
5341,0
3825,0
3481,1
5277,0
1186,1
2399,0
4851,1
4587,0
5587,0
6198,1
151,0
1033,1
915,1
2570,1
2002,1
3074,1
509,0
5198,0
3975,0
6038,1
748,0
2805,1
3250,0
4516,1
1426,0
2167,1
2392,0
4205,1
4573,1
3133,0
471,1
3365,0
3407,0
3878,1
5667,1
5982,0
3085,0
896,1
4786,0
251,0
1209,0
2181,1
4770,0
6122,0
1128,1
2346,0
1512,0
57,1
6092,1
3403,1
292,1
1142,1
2654,0
5395,0
1170,0
4371,0
5899,1
5559,0
5327,1
1726,0
1086,0
3341,0
1172,1
4423,0
5282,0
1657,0
3207,0
3935,0
2099,1
6108,1
3399,1
2525,1
613,1
3684,0
2653,0
4411,0
3319,0
5706,1
505,1
1954,1
272,1
2388,0
3821,0
5012,0
4333,0
5292,1
1919,0
106,0
1535,0
6258,1
3459,1
2284,0
952,0
3433,1
5337,1
2954,1
5533,1
5896,0
4668,0
5113,0
4274,0
1024,1
2117,0
5641,1
416,0
1718,0
2173,0
5818,0
564,1
478,0
5814,1
1203,1
6130,0
142,0
5307,0
1451,1
1419,0
3176,1
605,1
1194,1
1352,0
4532,0
1706,1
497,0
1397,0
2765,1
3808,0
2835,1
2689,0
721,1
2484,1
1025,1
2908,1
1295,1
5935,0
5381,1
1703,0
3153,0
2312,0
2436,0
5099,1
1302,0
108,0
1351,0
5660,0
6086,0
4144,1
5975,0
4420,1
336,1
5547,1
2271,1
4605,0
2417,0
5440,0
5454,0
3439,1
5400,0
3787,0
724,0
765,1
286,1
2022,0
3914,1
307,1
3263,0
2464,1
4923,0
3096,0
6101,1
5737,0
3796,0
5008,0
4438,0
5367,1
4515,0
71,0
5158,0
711,1
421,1
1020,1
1741,1
1612,0
2603,1
737,1
2617,1
1803,0
4003,1
1832,0
5877,0
3002,0
5235,0
1210,1
1870,0
1095,0
3819,1
4103,1
3317,1
5101,1
5006,1
978,0
2499,1
5589,0
6034,0
5391,1
3958,0
1566,0
5574,1
344,1
2480,1
911,0
1041,0
47,1
2678,0
5484,1
1350,1
443,0
2988,0
1061,1
3525,1
2818,1
4645,1
4092,0
3402,0
5793,1
1578,1
3978,0
2577,0
1055,1
848,0
5010,1
3753,1
1294,0
5217,0
2407,1
3101,1
5914,0
4518,1
6222,0
3715,1
1112,0
1487,1
776,0
5988,0
183,0
5689,0
4325,1
4288,1
1544,1
2226,1
734,1
2488,1
5081,0
1168,0
2937,1
4634,0
6103,1
4266,1
4166,1
2306,1
5203,0
4464,0
485,1
1507,1
452,1
3166,1
1871,1
3519,1
4844,1
4030,0
30,1
789,0
2997,1
5866,0
1593,0
5021,1
3858,1
1109,1
100,1
4928,1
2673,0
3563,1
1443,1
2439,1
3938,0
4756,0
1083,1
2115,1
861,0
4970,1
903,1
2310,0
109,0
4152,1
3765,0
5889,0
5950,0
3130,0
2252,0
3090,0
3964,1
6187,1
927,0
2705,1
5893,0
2922,0
2259,0
2317,1
5712,0
5948,0
4210,0
1094,0
1121,0
3206,1
1831,0
3759,1
809,1
1617,0
4287,1
6127,1
5181,1
6238,0
4436,1
1730,1
4842,0
5964,0
4080,1
1729,0
3543,0
2576,0
4502,0
5230,1
3127,0
2377,1
3214,1
3383,1
2263,0
5452,0
3089,0
3898,1
2858,0
1204,0
5938,0
4509,0
3154,1
6213,1
6066,1
4589,0
6299,0
518,0
829,1
1922,1
1951,1
438,0
627,1
1791,0
6163,0
925,1
4006,0
295,1
1052,1
5972,0
2764,1
1173,0
4550,0
1561,0
6234,1
2910,0
944,1
5184,0
5044,0
12,0
1117,0
4601,1
2899,1
5121,1
642,1
5940,1
3103,0
1893,1
3954,0
1319,0
3571,1
3076,1
5792,1
1805,1
2275,1
5743,0
5046,0
4963,0
3392,0
653,1
429,1
1992,0
2045,0
4280,0
3220,1
1926,0
1966,1
2498,1
838,0
1087,0
3128,0
4604,1
6109,0
1720,0
4382,1
856,0
3050,0
6009,1
1448,0
4614,0
3221,0
2669,0
6300,0
4039,0
3194,1
693,0
2781,0
3997,0
5612,0
188,0
287,1
3836,0
2232,1
169,1
6216,1
5821,0
4087,0
1586,0
4113,0
1338,0
2339,1
5200,1
2885,1
6322,0
2821,0
4874,0
4350,1
210,1
3358,0
3400,1
5663,0
2905,1
73,1
4664,1
5349,0
4083,0
2945,1
5945,0
3722,0
2960,1
5156,1
3454,1
3721,0
5902,1
4299,0
1231,1
3867,1
4635,0
3159,1
1869,0
6193,1
1379,1
4519,1
5220,0
113,0
5369,0
4342,1
1438,1
4626,1
5071,1
6199,1
5664,0
4320,0
507,0
5671,0
4700,0
4369,0
4575,0
5055,1
3805,1
5773,0
252,1
6333,1
3540,0
350,1
1740,0
3119,0
2865,0
2873,1
457,0
3589,1
479,0
1114,0
798,0
5824,1
298,1
2691,1
3245,1
26,1
5762,0
2133,1
1743,1
4157,0
5836,1
1287,0
1281,0
229,0
3058,0
2850,1
4376,1
1858,0
2615,0
4031,1
5439,0
4974,0
6305,0
5001,1
5820,1
3794,0
5213,0
5178,0
1614,0
4839,0
607,0
2412,0
4816,0
3826,0
2127,1
3450,1
5332,1
5123,0
6224,1
2029,0
3742,1
203,0
339,1
2926,1
837,1
4595,0
1945,1
387,1
4004,0
4795,0
3290,1
5228,0
1609,0
5431,0
3764,1
3910,0
5192,1
2330,1
3705,1
5193,0
3755,1
5783,1
2077,1
3940,1
677,1
2505,1
5160,1
2057,0
61,1
1916,1
2119,0
4365,0
6285,1
1918,0
790,0
4219,0
3608,1
5735,1
3509,1
5755,1
3612,1
4510,0
1359,0
2523,0
6180,0
2942,0
5965,0
4319,0
733,0
4161,0
6110,0
5009,1
1260,0
5372,0
6026,1
5373,0
1543,1
527,1
4830,0
3912,0
5415,0
1468,0
5716,0
2370,0
2110,1
1964,0
5401,1
1780,1
4885,0
2995,0
803,0
857,1
1599,1
4125,0
4738,0
5843,0
3114,0
1423,0
4934,1
1465,0
1983,1
219,0
3592,1
1288,0
1115,0
582,0
3557,1
1564,1
43,0
4174,1
6014,1
2548,0
4935,1
1744,1
3698,1
5377,1
3881,0
4847,0
1452,0
2405,0
2215,0
6035,0
1224,0
3165,1
2168,1
1071,1
718,1
6007,0
5810,0
1505,1
3785,0
670,0
347,1
3494,0
2316,1
5061,1
3779,0
897,1
1258,1
2868,1
95,0
3125,0
4362,1
5091,0
842,1
1595,1
3323,0
2166,1
3593,0
6005,0
5760,1
5548,0
3491,0
6229,1
2118,0
4819,1
1874,1
322,0
1756,0
1769,0
4591,0
2406,0
3547,1
334,0
5155,1
332,0
833,0
5189,0
5290,1
2927,1
2771,1
6049,0
731,1
5835,1
291,0
4593,1
184,1
4983,0
4584,1
3362,1
533,1
1671,0
2611,1
3613,0
2233,1
2375,1
5070,1
657,0
1255,0
2921,0
4347,1
2812,1
3973,0
2941,1
898,0
6298,1
428,0
5733,1
3921,0
4949,0
1436,1
6061,1
1222,0
1768,0
4498,0
3539,1
3418,1
5469,1
3689,0
6017,0
5475,1
5351,1
2526,0
4503,0
2575,0
5729,1
1096,1
6172,0
5546,0
4229,1
5717,0
5190,1
5233,0
2042,1
1652,1
5265,0
1230,1
1410,0
1788,0
4578,1
5993,0
4525,1
6126,0
4597,0
2549,0
192,1
5125,0
1126,0
2182,0
5094,0
3875,0
4105,0
304,0
1817,1
6156,0
1292,1
70,1
4088,1
1305,0
4450,0
5060,1
5285,0
2091,1
1340,0
831,0
5856,0
1456,1
6146,0
3649,1
238,0
3312,0
92,0
4020,1
5500,0
3809,0
3483,0
2458,1
2949,0
2144,0
5386,0
3866,0
1001,0
2313,0
6071,1
4956,0
2589,1
3422,0
1504,0
957,1
4773,0
4882,1
5468,0
1532,0
3524,0
5185,1
4731,0
411,0
1405,1
1934,1
2641,1
6078,0
3948,1
5324,1
3732,1
3437,1
1702,1
5577,0
1034,1
3082,0
4098,1
2829,0
3674,1
931,1
5775,0
3745,1
4815,1
2135,1
633,1
2521,0
498,1
937,0
415,0
3844,1
3690,0
720,0
2210,0
3382,1
757,1
2063,1
2138,0
3340,1
3497,1
5283,0
596,1
4334,0
1068,1
1942,0
1647,1
3904,0
1700,0
5075,0
4046,0
3680,1
1029,1
2476,0
3063,1
3841,0
1200,0
2025,0
621,1
5756,0
566,0
1837,1
1334,1
5079,0
3434,1
2227,1
2840,0
4904,1
745,0
195,0
5202,0
4051,1
4159,0
802,0
5858,1
4077,0
3615,1
4884,0
644,0
5593,1
6067,0
3026,0
4385,0
120,1
1777,0
6129,1
5085,1
3123,1
3639,1
134,0
3918,0
2754,1
2509,1
62,1
5506,1
4247,1
5394,0
679,0
3065,1
741,1
1211,0
2991,0
4313,1
567,1
1873,0
2668,1
1717,1
1392,1
6144,1
2288,0
489,0
3252,1
690,1
4828,1
602,0
1911,1
3470,0
4190,0
4650,1
1187,0
274,0
3217,0
1361,0
2522,1
1526,0
3107,0
2453,1
3395,1
4765,1
5370,0
5955,0
5953,0
945,0
6022,1
3786,1
4871,1
68,1
4628,1
6194,1
1598,1
2684,0
3372,1
4323,0
1503,1
6263,0
150,1
2304,1
2086,1
5769,0
6283,1
2302,0
859,1
5278,1
3780,1
4901,0
366,1
1432,0
4419,0
1779,1
4329,1
2640,1
1818,0
5090,1
841,0
1189,1
175,0
3664,1
2093,0
3971,0
3311,0
3012,0
1030,1
5306,0
300,0
1472,1
283,0
4379,1
5744,1
5926,0
1813,1
1271,0
5304,0
3313,0
2955,1
2008,1
5808,1
2647,1
5767,0
2592,1
99,1
3336,1
744,0
5859,1
480,1
4172,0
6153,1
4456,0
1157,0
1437,0
4410,1
402,0
2195,1
949,1
2067,1
5346,0
668,1
218,1
1962,1
2440,1
2846,0
2213,0
3877,1
6077,0
4224,0
4677,1
2145,0
777,0
4387,1
3859,1
5017,0
1491,1
2842,0
3895,0
3909,0
4730,0
5003,1
517,1
4056,1
6329,0
4326,1
6171,0
3007,0
568,0
360,0
3830,1
759,1
2906,0
5952,1
4119,1
214,0
3100,0
2323,0
3151,0
5967,0
2244,0
725,0
2833,0
49,0
4952,1
887,1
5795,0
4353,1
516,0
3545,0
139,0
3484,1
2751,0
4966,1
463,0
6052,0
3834,0
594,1
450,0
3275,0
2857,0
312,0
4053,1
3573,1
451,0
5111,1
890,0
4647,1
5944,0
2619,1
5924,0
999,0
389,1
1476,1
2240,0
5697,1
5280,0
5339,0
5888,1
5853,0
6320,0
5538,1
1293,0
6323,1
5296,1
1907,0
6168,1
4381,1
368,0
1937,1
1151,0
3941,0
2792,0
6233,0
191,0
3960,0
6020,1
174,0
4182,0
3770,1
4183,0
5567,0
2292,0
5509,1
6286,1
5459,1
2886,0
1164,1
3047,1
5067,0
4710,0
1661,0
508,0
166,1
2622,0
4339,1
2559,1
4256,1
103,1
5799,0
4672,0
3469,0
1752,0
5650,0
5086,0
1658,0
152,0
2932,0
1583,0
4951,1
2900,1
4641,0
2387,1
2209,0
2996,1
3550,1
1822,1
4878,0
4897,0
309,1
5665,1
2758,1
3161,0
495,1
205,0
1434,0
1135,1
868,1
305,1
1849,1
2531,1
1988,0
3106,1
1534,0
843,0
1987,0
3357,1
4240,1
2874,1
3605,1
1538,0
211,0
1957,1
4794,1
6221,0
5410,0
1349,1
2418,0
4837,1
680,0
180,1
6031,1
2519,1
3703,0
278,1
289,1
4746,1
993,0
2236,1
4615,1
3475,0
4457,1
5072,0
270,0
2432,1
5170,1
3504,1
4913,1
111,1
1391,0
220,0
3630,1
83,0
5411,0
3822,0
461,0
5562,1
551,1
2650,0
4564,1
5321,1
4513,1
5962,1
3126,1
2329,0
2146,1
3248,1
2952,0
650,0
708,1
5826,0
6000,0
4511,1
5368,0
1424,1
1216,0
5018,0
1924,1
4686,0
3038,1
314,0
5903,1
1427,1
3792,0
3316,0
3196,1
5119,0
5456,0
4399,0
4652,1
3700,0
6334,1
4940,1
684,1
4631,0
3011,1
3078,0
2451,0
2574,1
326,1
5698,1
3870,1
4305,0
5474,1
4733,0
5490,1
3315,0
1676,1
348,1
1626,1
3624,0
2794,0
871,1
6053,1
2977,0
3049,1
2218,0
4960,0
2121,1
3024,0
4414,1
85,1
3184,1
1877,0
4993,0
5416,1
6228,0
494,0
3349,1
5182,1
2918,1
5151,1
1270,1
3006,0
5074,1
6131,1
618,1
5414,1
4832,1
5011,0
2893,0
3260,0
3443,1
1413,0
2201,1
5007,1
5525,1
869,1
2358,0
2006,0
2655,1
4375,1
356,1
1162,1
4803,1
2534,1
6206,0
6246,0
1890,0
579,0
3379,1
3039,0
1691,1
862,0
5087,0
3720,0
2380,0
2378,0
4454,1
4899,0
1116,1
1541,0
6050,1
4866,1
5825,1
4512,1
3855,1
4091,1
4222,0
2500,1
5591,1
5095,0
5608,0
6274,0
5554,0
4760,1
6040,1
5947,0
4969,1
4702,0
4196,1
6074,1
2052,1
1776,0
3901,0
2536,0
4537,1
1592,1
1723,0
4950,1
4296,1
490,1
5832,1
1006,1
3544,1
2503,1
3896,0
2314,1
2554,0
1417,0
25,1
2409,1
1113,0
3880,1
1552,0
5406,0
4725,0
433,1
3305,0
4603,1
4283,1
3346,1
5597,1
4043,0
4696,0
3405,0
2518,0
6089,0
1102,1
5356,1
3414,0
4691,1
4520,1
194,0
615,0
643,0
4545,0
4817,1
5352,0
330,0
4793,0
4141,1
3946,1
3718,0
483,1
2420,1
2602,1
719,0
2799,1
2059,1
2566,1
4220,1
32,0
664,1
4977,0
4981,0
1444,0
3288,0
2704,0
6177,0
1705,1
5153,0
2925,1
3286,0
4368,1
2277,1
1401,0
4867,0
2456,1
170,0
540,0
3542,1
4739,1
2789,0
3075,0
674,1
5118,1
2664,0
1815,0
5931,0
2100,0
3520,1
6276,0
5707,1
2101,1
5362,1
3169,1
1548,1
3352,1
3527,0
355,1
2827,0
3053,0
6241,1
2535,1
5603,1
4507,0
2373,0
1051,0
2321,1
3994,1
4850,1
1751,1
2795,0
1772,0
1196,0
1878,0
2016,1
2005,1
5135,0
1482,0
328,1
648,0
4845,0
1123,0
3139,0
4694,1
3538,1
3211,1
3162,0
5672,0
1259,1
3428,0
3837,1
6220,0
1519,0
1378,0
4617,0
1023,0
3209,1
3246,1
6042,1
6174,1
912,1
4294,0
1675,1
1746,1
3353,0
1736,0
1629,1
4169,1
430,1
1808,0
3966,1
3929,1
3824,1
3915,0
3885,1
2222,1
4315,0
5054,1
3634,1
5646,1
1948,0
4836,0
5619,1
3783,0
1995,1
2671,1
5059,1
2224,1
1106,0
5218,1
818,0
5621,1
4771,1
4594,0
1697,1
2879,0
136,0
4941,1
4868,0
3298,1
6314,0
1180,1
3861,0
888,0
3008,1
2437,1
4776,1
3268,1
817,0
1111,1
3838,1
2341,0
4812,1
4149,1
1264,0
990,0
4559,1
1739,1
2876,1
353,1
5438,0
2788,0
4437,1
1489,1
4233,1
1228,0
3463,1
5572,0
3045,1
5995,1
5925,1
52,0
5380,0
3102,1
159,0
4761,1
1587,0
1589,0
1479,0
1469,0
6125,1
3142,1
2860,0
2078,0
3879,1
6242,1
2943,0
436,0
3256,1
4209,1
1588,0
4656,0
1590,1
3871,0
973,0
1238,0
2342,0
3708,0
3501,1
4032,0
5403,1
2231,0
5245,1
1497,1
449,1
2369,0
3784,1
2422,1
5682,1
3377,0
1551,0
5613,1
1146,0
4140,1
2092,0
1313,0
2015,0
5096,1
5421,1
3393,1
1381,0
3651,1
413,1
941,1
801,0
2750,1
4406,1
3706,0
256,1
6215,0
2235,0
647,0
1767,0
4332,0
2825,1
3688,1
3686,1
24,0
1088,1
6332,0
2694,0
5711,0
112,0
2311,1
3131,0
56,0
1309,0
695,1
4602,1
1227,0
1999,1
276,1
3014,0
5409,0
1833,0
682,0
3535,0
4570,0
3235,0
1137,0
2767,0
5294,0
3892,1
3396,1
4358,0
5100,0
1346,1
2892,1
3328,0
2784,1
3167,1
2384,1
115,1
4404,1
6302,0
3659,0
4563,1
3660,1
2819,1
6076,1
3113,0
5267,0
5204,1
81,1
1972,1
1714,1
4024,0
5154,1
5080,0
4071,1
1946,0
3734,0
3337,0
4629,0
1610,0
6154,1
5989,1
3648,0
6189,0
5171,1
4876,1
3386,0
665,0
2194,0
5985,0
5383,1
1017,1
557,0
4163,1
5489,0
1207,1
3238,1
3410,1
1510,1
4883,0
5919,1
4306,1
4308,0
266,0
3044,1
5748,1
2111,1
5590,0
1909,0
5798,0
5397,0
656,1
4250,0
4467,1
5942,1
998,1
3617,0
2834,1
2809,0
1784,1
1237,0
5270,0
3388,1
6033,0
5136,1
6251,0
2186,1
2913,0
5208,1
908,1
5492,1
1303,1
5909,0
1627,0
1522,0
835,0
358,1
138,1
299,1
1556,1
1003,1
382,1
3158,0
761,0
4055,0
5505,1
3518,1
3309,1
5117,0
5508,0
1402,0
3277,0
5432,1
2721,0
1932,0
4248,1
3270,0
5039,1
5405,1
3193,0
4201,1
2685,0
4959,1
58,0
76,1
796,0
2416,0
4508,0
4623,0
785,1
4048,0
6169,1
5199,1
2217,0
3148,1
2985,0
3942,0
4705,1
5905,1
4881,0
910,1
2172,0
4310,1
2309,0
5927,1
1257,0
2495,1
4766,1
4322,0
1178,0
5162,0
5897,1
442,0
1399,1
3667,1
4789,0
3424,1
3710,0
6036,0
1054,1
4349,1
5704,1
5569,0
1415,1
2372,0
5610,0
4697,1
3258,1
4372,1
4104,1
5448,0
1502,1
3833,1
5473,0
2011,0
4879,1
3458,1
3227,0
5103,1
5466,1
3893,1
6,0
2980,1
2487,1
678,1
1943,0
6006,1
5827,0
5340,1
4986,1
4988,0
2607,0
4002,1
5823,1
1064,1
2894,1
4148,0
2242,1
1474,0
4689,1
1889,0
4230,1
2021,1
5545,0
4504,0
2658,1
2467,1
5637,1
1130,0
1461,0
3548,0
5736,0
5470,1
3666,1
2968,1
222,1
5869,1
48,0
573,1
1236,1
4810,1
3033,1
6138,0
6116,0
2282,1
4279,1
267,0
1104,0
2305,0
4975,0
1935,0
386,0
1701,1
1628,0
3599,1
2714,1
3370,0
6105,0
1563,0
2760,0
4022,0
209,0
909,1
1289,1
4774,1
1866,0
1842,1
2497,0
5180,1
4958,0
958,0
1793,1
2088,1
2702,0
331,1
3751,0
5419,1
3375,0
2459,1
1774,1
4441,0
3782,1
4126,1
4081,0
5138,0
3240,1
5371,1
2897,1
3864,0
1710,1
4829,0
2478,0
4985,1
1366,1
173,1
858,1
6294,1
3269,1
5516,0
3842,0
1952,0
4241,0
3771,1
2036,1
4957,0
5659,1
6155,1
18,1
0,0
2174,1
1356,0
4706,1
3578,1
2826,0
3555,1
396,1
5878,0
3112,1
3758,1
5002,1
1812,1
4059,0
4585,1
816,0
1572,1
4378,0
1800,1
2280,0
2429,0
5004,0
6023,0
4781,0
4679,1
5460,0
4195,1
3882,0
3872,1
5247,1
4421,0
5537,0
554,1
1159,1
1213,0
4734,0
1325,1
3699,1
3767,0
700,1
2700,1
4528,0
1847,0
4643,1
2796,0
1455,1
5299,1
3691,1
3231,0
866,0
4834,0
1644,0
2140,1
4272,1
4235,1
1490,0
3478,1
729,0
4189,0
3936,0
2620,0
1936,1
3541,1
1110,0
5141,0
5656,0
2998,0
2394,0
1185,1
2007,0
193,1
1515,1
5058,0
578,1
2123,0
1429,1
771,0
4482,0
2395,1
6272,1
1846,1
131,0
178,1
5651,1
1811,1
4011,1
2580,1
4074,1
3773,0
2652,1
4127,0
2073,0
658,0
1896,0
4648,1
2606,1
2221,0
6205,0
2379,0
1447,1
342,0
4050,1
5576,0
2527,1
727,0
4979,0
976,1
3254,1
6097,0
1928,1
4122,1
6170,0
6080,1
1299,0
4401,1
5815,1
660,1
1790,1
4526,1
4245,0
493,0
3505,1
4443,1
4517,1
5880,0
5829,0
5361,0
1085,1
5974,1
5912,0
694,1
1278,1
3198,1
5724,0
1621,0
2561,1
4416,1
4907,0
67,1
1731,0
3398,0
2269,1
4449,0
4318,1
4982,0
820,0
1226,0
1677,1
5291,1
2867,1
6111,1
2367,0
3426,1
5413,1
2512,1
4908,0
2723,1
5639,0
5796,0
5519,1
1143,1
397,0
5834,0
5690,0
786,1
5424,0
4221,1
1398,1
1659,1
6142,0
4588,1
3134,0
2220,0
979,0
2331,0
1298,0
3622,1
4165,0
4703,1
82,1
3492,1
3916,0
4945,1
4237,1
5430,1
3656,0
2903,0
423,0
5478,0
1904,0
5741,1
1530,1
4483,0
1565,0
4676,0
2749,0
839,1
500,0
3682,0
141,1
5227,0
2605,1
6186,1
1377,0
4915,1
6210,0
2266,0
3322,1
4015,0
1138,0
2257,0
5522,0
4409,0
1787,0
4086,1
550,1
459,0
2019,1
948,0
3618,1
3516,1
532,0
3262,1
5670,1
1829,1
4609,0
5585,1
5036,1
3795,0
1602,0
2238,0
639,0
6115,0
967,0
5631,0
123,0
1683,0
2248,0
4354,1
5655,1
5906,1
155,0
2295,0
6064,0
4762,1
1089,1
4442,0
2319,1
2940,0
6141,0
288,1
930,0
2909,0
6152,0
5244,0
2884,1
5874,0
3620,1
3247,0
5746,0
3000,0
4690,1
3768,1
6244,0
942,1
2354,1
5026,1
5461,0
5901,0
1698,0
5957,1
4366,1
3985,0
4262,1
4458,1
5765,1
985,0
1821,0
4865,0
4914,0
6043,1
981,1
3967,0
3668,0
5761,0
3869,1
4531,0
3934,1
1473,1
6256,0
3774,1
5019,0
1457,0
1395,0
264,0
2748,0
5738,0
2692,0
4775,0
929,0
4763,1
5555,0
2400,0
2178,0
4562,0
246,0
1594,1
1758,0
6160,1
5507,0
923,1
3739,1
4671,0
268,0
669,1
4204,1
1910,1
5167,1
4395,0
1152,1
5813,1
5195,0
6093,1
4745,0
2696,1
2591,0
5354,1
1781,1
2413,1
3013,1
5528,0
2307,1
3931,0
687,1
1915,0
5956,0
612,0
3071,0
3827,0
3200,1
2267,0
6072,0
2533,0
39,0
1898,1
1649,0
3903,0
258,0
2924,0
2434,0
847,0
2822,0
4638,1
3339,1
5366,1
4367,1
4093,1
1233,0
1127,1
5028,0
1967,0
558,0
904,0
2614,0
3143,1
484,1
2211,1
1320,1
3749,1
2555,1
7,1
2315,1
5360,1
4620,1
6248,0
5558,0
1450,0
1201,1
2426,0
2648,1
1814,1
5179,1
2726,1
773,1
2274,1
1011,0
4267,0
3168,1
4397,0
1991,0
1277,0
1783,0
4486,0
446,1
880,0
4301,1
5642,1
2727,1
3048,1
5077,1
781,0
2651,0
6151,0
1749,1
2126,0
2260,1
2791,1
2423,0
6182,0
5455,0
883,0
5598,0
1091,1
4577,1
4352,0
531,0
4035,1
2438,0
5132,1
4653,0
2608,1
5187,1
2290,0
1727,0
610,0
570,1
1979,1
1317,1
343,1
587,0
4932,1
636,1
434,1
1903,1
3215,0
97,1
3575,0
5750,1
3801,1
6030,1
2069,0
1537,0
3606,1
4936,0
5033,1
3740,1
1517,0
965,0
5566,0
528,1
176,1
2470,1
4767,0
5841,0
3001,0
5418,1
3425,0
572,0
3671,1
592,0
5253,0
3062,0
3917,1
2374,1
3064,0
5937,1
4568,0
4927,1
4427,1
2208,0
4085,0
2492,1
4217,0
383,0
852,0
1880,0
370,1
3781,0
4462,0
5493,0
5458,0
6290,1
1105,1
4094,0
2361,0
5961,0
1336,1
2189,1
5809,0
5702,0
3707,0
2246,0
6104,1
6134,0
1171,1
3274,0
4108,0
2001,0
1422,1
2686,1
5676,1
3590,0
5378,1
6162,0
5252,0
3604,0
1464,0
874,1
2297,0
2643,1
3717,0
5479,1
1251,1
6136,0
840,0
4906,1
581,1
204,0
1641,0
2014,0
3253,1
4373,1
905,1
631,0
4475,1
5399,0
1974,1
162,0
4539,0
4303,0
5684,0
3951,0
617,1
875,0
1431,1
2973,0
4374,0
547,1
4661,1
5752,1
5329,0
3614,1
4955,1
3802,0
3435,0
1851,0
3945,0
5163,1
2856,1
1861,0
2659,1
3384,1
5812,0
640,1
6328,0
1009,0
3366,0
6188,0
637,0
3331,1
5174,0
3653,1
5347,1
2308,0
4481,1
3145,1
4160,1
2096,1
3950,0
1956,1
1372,1
5850,1
921,0
5787,0
546,0
1449,0
2804,0
2610,0
1900,0
2757,1
2028,0
5447,1
2301,0
1885,0
6123,1
1642,0
972,0
6085,0
2097,0
5498,1
4825,0
5683,0
6291,1
836,0
3471,1
601,1
2184,1
5030,1
3955,1
5434,0
1582,1
5384,1
4075,1
2010,0
1070,1
1775,1
6084,0
1283,0
5266,1
4801,0
6013,1
1836,1
5355,0
1019,0
970,1
1326,1
3750,0
475,1
2810,0
4740,0
1651,0
5876,1
5404,0
2528,1
1206,0
3944,1
182,1
1373,1
739,1
5238,1
5515,1
3886,1
867,1
2974,0
1140,0
997,0
1337,0
541,0
1099,1
1132,1
6139,1
4187,1
2258,1
5110,1
3390,0
2962,0
59,1
3259,1
2206,1
1938,1
4099,1
4753,1
6254,1
3816,1
2813,0
5480,0
3846,1
1078,0
4778,1
5811,1
3586,0
4506,0
4128,0
5382,1
2630,0
5066,0
4674,1
3831,1
940,0
1080,1
187,1
1795,1
4359,1
2085,0
2249,1
2452,0
6195,0
2023,1
4377,0
1492,1
4852,0
4295,1
226,0
1013,0
2583,1
1929,0
4446,1
5678,0
1404,0
4010,0
2179,0
697,0
1124,0
3282,0
1093,0
4338,1
3806,0
1778,1
2634,0
3091,0
5389,1
5981,0
3489,1
1656,1
1037,0
5273,0
2256,1
6100,1
6260,0
313,0
2649,0
2281,1
6307,0
4522,1
2547,1
1416,1
1036,0
2159,0
2984,0
3137,0
5260,0
1754,0
5916,0
4264,0
1428,1
4078,1
2520,1
5186,1
873,0
4669,0
4732,1
1506,0
5933,1
1923,1
448,0
3889,1
4019,0
6293,0
4084,0
3655,0
3727,1
3257,1
361,0
2183,0
1134,1
5097,1
3199,0
5041,1
3438,0
2155,0
1830,1
1053,0
2460,0
22,1
2066,1
1653,0
702,0
4567,0
2743,1
1376,0
5143,1
2468,0
3754,0
2325,0
460,0
1067,0
87,1
1430,1
1486,1
3678,0
4655,0
282,0
2483,1
462,1
212,1
2588,0
4139,1
3537,0
3852,0
5313,0
2907,1
2581,0
1368,0
234,0
4231,0
597,0
5720,1
2250,1
5140,0
2283,1
662,1
6287,1
2285,1
3431,1
5966,1
4556,0
5661,0
4384,0
5777,1
3468,1
5520,1
3601,1
2990,1
5628,0
779,1
2544,0
4695,0
4554,1
4727,1
4625,0
4560,0
5209,1
6119,1
685,1
5788,0
5786,1
3243,0
1748,0
2003,1
5499,0
2837,0
3697,1
3032,0
2171,1
4154,1
1850,0
487,1
1688,0
2230,1
3473,1
4610,0
2320,0
782,0
521,0
522,1
4284,1
2939,1
4937,0
5093,0
2398,1
2207,1
4764,1
780,1
5149,1
4271,1
1511,1
1882,1
651,0
5286,1
2196,0
1801,1
369,0
5524,0
6297,1
118,0
377,0
216,1
2216,0
5881,0
1613,1
2883,0
5517,1
5677,1
3632,0
962,1
5695,1
2510,0
5939,1
4813,0
4872,0
359,1
3839,0
4216,1
1246,0
3408,1
4398,1
2415,1
5886,0
3694,1
5345,1
2185,0
4270,0
2567,0
3423,0
2037,0
5379,0
772,1
1284,1
5819,0
3562,1
5992,0
2587,1
5785,1
1414,0
1234,1
398,1
435,0
1674,0
3299,0
365,1
5885,0
4076,1
231,0
5385,0
147,0
5557,1
3088,1
4987,0
3554,0
407,1
5845,1
3692,0
3456,0
2090,1
86,1
3576,1
3271,0
844,0
1031,0
5751,1
5997,0
4989,1
2987,0
4586,1
2628,1
6002,0
3244,1
855,1
3926,1
3003,0
3984,0
78,0
2992,1
2247,0
6204,1
4678,0
5779,0
5822,1
758,1
4335,1
3355,0
788,1
2279,1
5316,1
3897,1
4110,0
4478,0
5309,1
5035,0
3631,1
5709,1
4147,0
2176,0
424,0
392,1
4715,1
6191,1
2239,0
104,1
2672,1
5790,0
4095,1
2068,1
4260,1
3493,0
1459,1
5999,1
4180,1
3835,0
5987,1
6029,1
2355,1
2442,1
4917,0
464,1
163,0
5472,0
6069,0
6279,1
2009,1
3084,0
900,0
4947,0
2293,1
3716,1
5251,1
1764,1
1549,0
3029,0
4768,1
2044,0
767,0
1508,0
6157,0
5259,1
4129,1
3292,1
819,1
1403,0
1382,1
2148,1
1638,0
6091,1
399,1
882,1
3565,0
1179,1
4302,0
2130,1
456,0
1950,1
689,0
4996,0
1953,1
2710,1
5568,1
5488,0
1884,0
4755,1
2494,1
3036,1
3603,1
845,0
542,0
3724,1
3679,1
5453,1
4331,0
2964,1
2529,0
1048,0
1960,0
2530,0
4649,1
237,1
1133,1
5747,0
4667,0
4743,1
2978,1
4257,0
3919,1
3138,1
5643,0
4073,0
5433,0
3229,0
1826,1
593,0
2725,0
4137,0
560,0
4953,0
243,1
4370,1
405,1
1442,0
261,0
5772,0
1689,0
1725,0
2496,1
5275,1
340,0
4400,0
1601,1
3725,0
6271,0
2785,1
1523,1
4708,0
5687,1
5867,1
1766,0
4037,1
4997,0
5429,0
5918,1
363,1
6264,1
5692,1
5359,1
5846,0
2562,1
5102,1
5805,0
3083,1
5831,1
2102,1
632,1
2493,0
2665,1
4574,1
4640,0
4480,1
2334,0
4880,1
3619,0
3883,1
6088,1
4211,1
1494,0
2401,0
3874,1
1232,1
2661,0
2817,0
5782,1
5022,1
4153,1
4709,0
3061,1
5407,1
6327,1
1735,1
2823,1
4327,0
2475,0
2564,1
5330,0
4999,1
707,1
3046,0
5398,1
4824,1
72,1
5921,0
1190,0
2601,0
1125,1
1241,1
5668,0
5890,0
3351,1
4008,1
1577,0
3906,1
3729,1
1343,0
6316,1
440,1
1100,0
2637,0
4448,0
649,1
1546,0
4848,0
4823,1
2852,0
3503,0
5833,0
630,0
1249,0
4316,1
482,1
1584,1
1462,1
3040,0
4861,1
3273,1
3683,0
4145,1
4447,0
3225,1
1072,1
2631,0
1660,0
2425,1
5570,1
3097,0
3976,0
5662,0
6010,0
4490,1
5013,1
1408,1
1845,0
1798,1
3957,1
1475,1
35,0
444,0
2359,0
3654,0
3179,0
1286,0
4685,0
3416,0
2137,0
2636,1
4016,0
6118,0
1681,1
4596,0
1692,0
4663,0
5038,0
3635,0
372,1
4855,0
140,0
5898,0
5201,1
714,0
3188,0
5586,0
4417,0
406,1
20,1
1004,1
2411,1
2545,0
2390,0
5084,1
42,0
2830,0
3371,0
3022,0
3364,1
11,1
1177,1
1947,1
2501,1
2863,0
3865,1
1026,1
3848,1
2989,0
961,1
2889,1
3015,1
3338,1
4461,0
735,0
1440,1
2875,0
3986,1
916,1
5281,1
4089,0
5848,0
4942,0
2772,1
1624,0
5015,1
821,1
1367,1
3712,0
5686,0
850,0
1000,0
5607,1
4114,0
1637,0
1667,1
3173,0
5553,0
1347,1
4939,1
3230,0
4440,0
4857,0
3232,0
5176,1
703,0
5043,1
3291,0
3673,0
2408,1
1327,1
5894,0
5839,1
5288,1
986,1
5742,1
5441,0
5242,0
4049,0
3485,1
2474,1
3873,0
1198,0
4181,1
1518,0
1799,1
1014,1
128,0
1364,1
4862,1
891,1
2793,1
5314,0
4403,1
6032,1
5426,1
3249,0
1208,0
3868,1
5680,1
4065,0
5412,0
1239,1
2289,1
2740,1
275,1
1035,0
1229,0
1008,1
3828,1
2532,1
4293,1
1058,0
4692,0
281,1
1043,0
1316,0
968,0
2381,0
5049,0
1939,0
4535,1
1274,0
619,1
4590,1
1742,1
1390,0
5152,1
1579,0
1655,1
3568,1
2352,1
2212,1
6296,0
3178,0
3192,0
1307,0
575,0
2360,0
1280,0
5148,1
5239,0
1993,0
2639,1
269,1
629,1
4684,1
3081,1
3466,0
5523,0
4396,0
4023,0
2046,1
4356,1
4967,0
2113,0
27,1
2040,0
3928,1
5721,1
3216,0
3814,1
129,0
4687,0
6218,1
13,0
5427,1
4476,1
1525,1
2365,0
3052,1
4005,1
2340,0
374,0
4608,0
5437,0
939,1
6062,1
2147,0
3591,1
5770,1
5322,1
3623,0
529,0
3714,1
1269,1
4281,1
1394,0
4009,1
4390,0
1797,1
2979,0
1441,1
4728,0
6173,0
3811,0
1273,1
1712,1
955,0
6037,0
5057,0
5594,0
403,1
2071,0
6016,0
1977,1
158,1
3888,1
902,1
352,1
4540,1
4130,1
754,1
2971,1
6303,0
2920,1
311,1
661,0
1989,0
3665,1
306,1
2335,0
2356,0
3702,0
3804,1
1927,1
3427,1
749,1
3638,1
4599,0
1266,1
5852,1
6028,1
3595,1
2134,0
4109,0
514,1
5657,0
409,1
4717,0
6308,0
6261,0
5482,1
207,0
458,0
2054,0
2430,1
250,1
5402,1
1107,1
5133,1
1713,1
3911,0
715,1
552,0
1439,1
2270,0
3144,0
6047,0
1925,0
634,0
316,1
5946,1
427,1
4693,0
105,1
3041,0
4238,0
2169,1
1709,0
89,1
2241,0
3174,0
5444,1
1949,0
4044,0
2848,0
1,0
4337,1
935,1
5417,0
2720,1
591,0
4742,1
2936,1
2448,1
1576,1
5284,1
213,0
778,0
3496,1
4962,1
2043,1
5740,0
1567,0
165,0
3566,1
4840,0
6021,0
2013,0
273,1
3860,1
4167,0
5050,0
3788,1
394,0
583,1
6313,0
5871,0
6057,1
520,1
1763,1
1875,1
3965,1
3344,0
2253,0
3224,0
526,0
2946,0
4473,0
3899,0
692,0
5986,1
4444,0
3633,1
1050,0
590,1
519,1
3380,0
3676,0
5861,1
1607,0
3610,1
6044,0
1809,0
791,1
792,0
5205,0
1855,0
1980,0
3233,1
3598,0
933,1
3963,0
4701,1
5879,1
4179,0
4026,0
4116,0
988,1
4877,1
3453,1
5781,1
3778,0
5310,1
3093,1
3155,0
3201,0
5106,1
1098,0
6226,1
2844,0
886,0
6249,1
4905,0
515,1
5842,1
1453,1
3553,1
3609,1
4665,1
2506,0
2994,1
3999,0
6001,1
906,0
28,1
2507,0
2428,1
762,0
3747,1
284,0
686,1
2353,0
5844,0
5436,1
21,0
2752,0
885,1
917,1
1040,0
1265,1
4579,1
5476,1
277,0
2084,0
1245,1
2382,1
571,0
1435,0
3902,1
1247,1
4681,1
3526,1
2514,0
1007,1
4543,0
5481,0
2064,1
4994,1
1690,0
5462,1
1985,1
294,0
1547,0
2012,1
588,1
3329,0
2403,1
2129,0
3998,0
5540,0
3741,0
3508,0
2719,0
4521,0
5764,0
5771,1
556,1
2469,0
3738,1
4286,1
5210,0
1716,1
2604,0
5221,0
1704,0
2139,0
3239,0
2383,1
4311,1
1285,0
5388,1
5653,0
3930,1
4783,0
1591,1
5604,0
2162,0
2396,0
317,1
5679,1
3111,0
6202,0
4036,1
795,0
3020,0
1711,0
3387,0
36,0
4549,0
913,1
3972,0
4133,1
974,0
983,0
5166,1
1418,0
1560,0
4135,1
5045,0
4265,0
1355,0
6004,0
987,1
2682,0
1640,0
1290,1
3681,0
1380,0
1933,0
4675,0
5326,0
3160,1
2030,0
892,0
4069,1
4255,1
2,1
2109,0
849,1
2737,1
2466,1
1914,0
1596,1
1913,1
5963,1
2736,1
726,0
53,0
1796,0
3845,1
2553,0
2800,1
936,0
5219,0
824,1
4321,1
3401,1
1389,0
3564,1
884,0
1868,0
10,1
3415,1
1463,0
806,0
5159,1
6201,1
4068,0
2108,1
5344,0
6278,1
2234,0
963,0
4494,0
2632,1
704,1
431,1
4388,0
145,1
2033,0
5420,1
1165,0
3500,1
2050,1
3760,0
2624,1
4484,0
4435,1
5040,1
4902,0
4361,0
2424,0
1262,1
1771,0
3511,0
271,0
4792,1
6306,0
244,1
6143,0
4572,1
2032,1
4998,0
813,1
3810,1
5139,1
1804,1
5375,1
4346,1
2461,1
545,0
3241,0
738,0
310,1
3521,1
1131,1
6237,0
4111,1
2769,1
920,1
3587,1
3959,1
38,0
4459,1
4278,1
2983,1
6318,0
2667,1
3223,0
1182,0
614,0
6219,1
1466,0
4497,1
3042,0
934,0
2419,1
5710,0
5609,1
4822,1
826,0
1521,0
2930,0
4232,1
628,0
4430,1
3853,0
390,0
4345,1
6175,0
3990,1
400,1
4806,0
5112,0
3359,1
46,1
6073,1
6240,0
3642,0
3726,1
6147,0
2421,1
1750,0
6121,0
5183,1
4062,0
338,0
215,1
3663,1
1341,0
5789,1
3894,1
3640,0
329,1
3004,1
6048,1
3115,0
6124,0
2322,0
4197,0
3549,0
1458,1
171,0
4203,0
5300,1
3569,1
4226,1
5713,0
5214,1
938,0
60,0
1240,0
5289,1
2120,0
1524,1
153,0
481,0
4460,1
3920,0
1762,0
750,0
1785,0
4501,0
4853,0
2711,0
5114,1
4193,0
1333,1
6079,1
2854,1
186,1
1136,1
2058,0
5302,1
148,0
4124,0
4889,0
3363,0
4788,0
2866,1
3776,0
1386,0
5983,0
5246,1
3629,1
5694,1
4797,1
3028,1
2969,1
5497,1
1708,0
2953,1
454,1
609,1
4263,1
4826,0
5363,1
2074,1
4052,1
5144,1
1622,0
4683,1
5542,0
40,1
2089,1
3924,1
2175,0
74,0
5614,0
6247,0
2657,1
3180,0
2076,1
441,1
2051,0
2541,1
1301,0
3430,0
1304,0
236,1
5274,1
2599,1
4616,0
2573,1
3280,0
3186,0
3953,1
2768,0
4831,1
4223,1
2106,0
2679,1
2761,0
4688,1
1387,0
5941,1
6135,1
5000,0
1279,1
5645,0
6207,1
1555,0
5722,1
3190,1
4566,1
4802,1
5936,0
4841,1
3594,1
1920,0
513,0
4177,0
1308,0
914,0
3452,1
3695,0
4242,0
3156,1
2198,1
774,0
4425,0
943,1
822,0
5005,0
4277,1
164,1
4547,0
3983,1
2538,1
6041,1
1311,0
5753,1
6236,0
5875,1
3300,0
3310,1
327,0
2490,0
5929,1
4408,0
832,0
3079,1
3462,1
5543,0
54,0
4064,0
3451,1
1901,1
1481,1
4873,0
4895,0
4150,0
3335,1
4926,0
946,0
3293,0
2161,0
5083,0
5573,0
3057,0
768,0
5951,1
3495,1
285,0
6257,0
4524,1
5627,1
2332,0
2717,1
2079,1
3389,1
722,0
951,1
5696,0
2262,1
989,0
3212,1
1759,0
5196,1
4422,1
1724,1
341,0
3701,1
4243,0
688,0
3432,0
4944,0
966,0
5978,1
2203,0
2713,1
4757,0
5098,1
5571,1
6107,1
3572,0
4805,1
1990,1
4120,0
4759,1
6331,0
5527,1
4971,1
5998,0
5034,0
3600,1
5776,1
6304,0
5216,0
385,1
5518,0
5778,1
536,0
5904,1
5032,1
4212,1
3507,1
201,0
1332,1
3502,1
2708,1
5031,1
4662,1
4021,1
1854,0
5654,1
2872,1
3030,0
1205,0
1645,0
3417,0
3476,1
2861,1
1792,0
3797,1
3368,1
3367,1
3533,0
5549,1
5109,1
3449,0
603,0
3056,1
5502,1
126,1
3876,0
2935,0
4451,0
3531,0
2730,0
827,1
1639,1
984,1
3281,0
6295,0
2188,0
5830,0
2443,0
362,1
2349,1
345,1
814,1
4807,0
3205,1
5257,1
6068,0
3325,0
4106,0
2116,0
1834,0
793,1
6266,0
2674,1
94,1
4225,1
3756,1
2891,1
2371,1
5243,1
5605,1
3228,1
5638,1
2853,1
5860,1
2912,0
1865,1
4612,1
1857,0
2645,0
2243,0
2336,1
950,1
3068,1
1120,0
2597,0
2204,1
419,1
922,1
1254,0
477,1
2035,1
1202,0
2626,1
6094,0
1970,0
3110,0
4018,0
2151,1
3687,1
4916,0
1997,1
4033,1
6211,0
3054,1
1248,0
2192,1
2712,0
992,1
2190,0
4670,0
5142,1
3762,0
3597,0
4711,1
1318,1
1863,1
2343,0
2449,1
2136,1
1065,1
6282,0
4227,0
2621,0
77,1
2898,0
4820,1
1314,1
5521,0
872,0
3850,1
6056,1
2965,1
3391,1
2560,1
6203,0
2635,0
5256,1
3530,1
375,1
1908,1
4429,0
5471,1
6145,0
4027,1
1604,1
1118,1
3677,0
3490,0
6159,0
2958,0
1994,1
6277,1
5495,1
2376,1
1342,0
320,0
1619,0
3713,1
6223,0
2060,0
2219,1
1673,0
260,1
5584,0
2039,0
4785,1
901,1
3744,1
2026,0
4234,1
1917,0
1828,1
1573,0
4415,1
4749,1
5550,0
4654,1
4208,0
4627,1
224,1
723,0
5674,0
1141,0
2762,0
846,0
4289,1
5042,0
2551,1
2928,1
117,0
645,0
3,0
4170,0
467,1
5,0
5342,1
919,0
2595,1
4324,0
1063,1
2590,0
242,1
5503,1
1160,0
2870,1
3735,0
2397,0
3517,0
3421,1
2563,0
1605,1
6106,1
2324,1
2709,0
5556,1
1312,1
3448,1
3812,0
5887,0
2362,0
1975,0
3514,0
1761,0
2739,0
5990,1
2472,0
4007,0
4718,1
1493,1
4206,1
2158,1
1169,1
5714,1
232,1
66,1
1603,0
3283,0
3596,0
4632,1
125,1
5350,1
1296,1
1976,0
5715,0
5669,0
2075,0
4580,1
5979,1
3086,0
5485,0
3345,1
5649,1
2797,1
918,1
1646,1
5122,0
5126,1
4978,0
4621,0
364,0
3287,1
2125,1
4123,0
4569,1
525,1
4821,1
55,1
638,0
302,0
2766,1
1276,1
4720,1
2055,0
5376,0
5145,0
4432,0
3644,0
4143,1
2878,1
4202,1
5175,1
2286,0
2261,1
5240,0
2296,0
1753,1
5197,0
1968,0
5491,1
3117,1
2393,1
523,0
3900,1
5900,0
4699,1
5580,1
3122,1
4156,1
1969,1
671,0
4188,1
666,1
5477,0
1887,0
3266,0
280,1
1719,1
2947,1
4455,1
899,0
6137,1
760,1
1906,1
4042,0
3823,1
4138,1
3818,1
4300,1
2593,0
4164,1
3031,1
3579,1
2832,0
5449,0
3472,1
137,0
4892,1
2180,0
2128,0
3177,1
4854,1
4637,0
5115,1
5513,0
4261,1
4344,1
1331,1
2017,0
4542,1
2482,1
1358,1
1329,0
6239,0
2150,1
4530,1
2122,0
4673,0
3981,1
1252,0
3278,1
3374,0
2814,0
4719,0
1848,0
4858,1
3037,0
388,0
235,0
1077,0
1984,0
4363,1
3962,0
770,0
2165,1
4533,0
673,0
249,1
1574,0
3419,0
2081,0
1823,1
5857,0
6055,0
4544,0
716,1
5640,1
5907,1
2048,1
5264,1
4178,0
4809,1
2724,0
5719,0
1460,0
1668,1
2756,1
2000,1
4571,1
4613,1
404,1
384,0
5681,0
2152,0
1633,0
5930,0
4784,1
3925,0
5336,1
4158,1
4948,1
5358,1
223,1
2193,1
3136,0
4469,0
1824,0
5816,0
5124,0
4972,1
797,1
2871,1
9,1
1944,0
1838,0
4804,1
255,0
4485,1
5701,0
1581,0
2956,0
924,1
5602,1
2508,0
5024,1
5320,0
3775,1
4835,1
4136,0
4964,1
2779,0
539,0
2745,0
5688,0
5780,0
5467,0
1145,1
5127,1
4468,1
667,0
3019,1
357,0
5063,0
2831,1
2783,0
1353,0
5131,1
470,0
2703,0
3330,1
3637,1
1396,1
3584,1
6255,0
5262,0
3376,1
1256,0
3512,1
1250,0
5348,0
6083,0
4298,1
3284,1
2933,1
4175,0
5268,1
4910,0
1852,0
5920,0
6165,1
2105,1
133,1
5236,0
5029,1
928,0
823,0
5749,1
1531,0
1214,1
504,0
4285,0
1996,0
3072,1
1958,1
1384,1
894,1
4924,1
455,0
5865,0
3709,0
5840,0
4849,0
4748,0
4268,1
3522,1
4134,1
3602,1
713,0
4186,0
2214,0
5301,0
2923,1
1810,0
3486,0
3141,1
1827,1
1155,0
1324,0
4312,1
510,1
1680,0
499,1
6166,0
1856,1
1388,0
5615,0
3719,0
2386,0
5541,1
3236,0
1540,1
1217,1
2681,1
2993,1
5512,1
1191,1
5293,1
1542,1
3301,1
3324,1
2539,1
953,1
4846,0
4330,1
732,0
6325,0
1156,0
5970,0
3294,0
2982,1
5305,1
5161,1
2156,0
1062,0
2616,1
1167,1
3222,0
3636,1
5588,1
2938,1
4491,0
3140,1
4980,0
143,1
6273,1
3577,0
4946,1
2782,0
717,1
1819,0
2502,1
4360,0
4171,1
395,0
5731,0
6120,1
4492,0
1365,1
5766,0
595,0
3952,0
5392,0
4968,0
2914,1
2326,0
5644,0
3766,0
3440,1
3851,0
4132,0
5806,1
2143,0
5837,0
5073,1
1571,1
4079,0
1122,1
2786,1
2967,1
2504,1
3465,1
675,1
2808,1
3348,1
728,1
412,1
3146,0
1516,0
5745,1
825,1
3267,1
3974,1
616,1
114,0
417,1
3069,1
1625,1
6270,1
4185,0
2896,1
5910,0
2082,0
753,0
2546,1
3969,0
3373,1
5726,0
4107,0
2444,1
4380,0
1066,1
3913,0
5287,0
5536,1
5387,0
5732,1
3498,1
2738,1
5052,0
4000,1
1568,1
2427,0
3746,1
5868,0
1687,0
851,1
3546,1
895,0
4592,0
335,1
2839,0
3087,0
4611,0
1348,0
1015,0
2816,1
1631,1
2489,1
3730,0
3251,1
5862,1
2070,1
4452,1
6183,0
5408,1
1635,1
4646,1
2479,1
2265,0
2959,1
5323,1
5984,1
3059,1
5053,0
2141,0
5104,0
3118,1
5188,1
5976,1
4045,1
3356,0
2744,0
5092,1
3506,1
1679,0
4249,0
3147,1
2294,0
580,0
1470,0
4799,1
4070,1
5308,1
3343,1
4992,1
4583,1
3672,1
559,0
5237,1
5215,0
2849,1
512,1
4729,1
1081,0
1664,0
1012,1
1931,0
1150,0
2838,1
116,1
740,0
6081,0
5177,1
3675,1
830,0
119,1
4752,1
6045,0
5994,0
6259,0
635,1
4465,0
4364,1
4142,0
991,1
876,1
4869,1
5315,0
5222,0
4,1
3051,1
5691,0
3124,1
2660,0
2491,0
5173,0
3854,0
4933,1
4777,0
1715,1
1148,0
3261,1
574,0
3769,0
3736,0
4146,0
853,1
1982,0
2774,1
4929,0
5211,0
1166,1
971,1
2701,1
4495,0
3847,1
2368,0
4115,0
4780,1
4131,1
2950,0
5625,1
524,0
2455,0
5016,1
1841,1
537,1
2806,1
5801,0
5596,1
4341,1
3175,0
784,0
4057,1
1409,0
2537,0
154,1
3009,0
1686,0
2901,0
6269,0
4721,0
3863,0
2733,0
1895,1
5442,1
569,1
5854,0
1816,1
2065,1
127,0
3394,0
3327,0
6310,1
2975,1
980,0
2300,1
190,1
1139,1
5088,0
699,0
6046,0
606,1
4276,1
301,1
3420,1
6096,0
1060,0
6149,1
2565,1
6321,0
1069,1
2524,0
2205,1
1243,0
16,0
3120,0
6312,0
4642,1
4754,0
815,0
3067,0
6082,0
5600,1
959,0
4893,0
225,0
3354,0
5895,1
2485,0
562,0
3436,0
1693,1
1045,1
3446,1
4565,0
954,1
6309,1
2735,0
6212,1
4735,0
6099,1
1218,1
5254,0
5511,1
1527,1
3987,0
6250,1
1300,1
6196,1
5699,0
160,1
4067,0
5800,0
956,1
3791,0
3234,0
2869,0
3777,0
4433,0
4973,0
6015,1
2961,0
5980,1
2200,0
98,1
6158,0
2557,0
3183,1
253,0
3923,1
4199,0
1445,1
5539,1
1648,1
4682,1
4723,1
3991,1
1696,0
3191,1
4499,0
1154,1
2255,0
1682,0
3170,1
2056,1
4090,1
6178,0
3108,0
4548,0
3723,1
5423,0
2049,1
4976,1
3643,0
6245,1
623,1
5883,1
262,0
5730,1
3369,1
4061,0
5534,0
6065,1
1802,0
4736,0
6319,1
2385,1
5759,0
1959,0
2976,0
488,1
1843,0
1734,1
2911,1
3219,1
146,0
5630,0
1986,1
1369,1
6051,0
2811,1
659,1
1794,0
2511,1
3397,1
4282,0
1147,1
3272,1
608,1
3582,1
1930,1
197,0
2931,0
2327,1
4389,0
766,0
4496,0
4218,0
3255,0
202,1
3510,0
4931,1
5535,0
1733,1
5791,1
2777,0
1707,1
5172,1
5249,0
5757,1
3474,0
5855,1
854,0
5685,1
4737,0
4097,1
2160,1
698,0
6267,0
2999,0
3696,1
1636,0
3457,0
3581,0
1291,1
4659,0
5616,0
1853,1
5232,1
3763,0
3304,1
6227,0
5727,0
3743,0
3445,0
1998,1
663,1
4779,0
5353,1
3748,0
4413,1
4744,0
5530,0
5575,1
709,1
1282,1
5864,1
5068,0
2675,1
4029,1
1306,1
5496,0
5504,1
2237,0
3302,0
5592,0
2038,1
1529,0
1663,0
5450,0
6252,1
6275,1
3627,1
5739,0
5147,0
4891,0
2693,0
3060,0
1597,1
2729,1
2625,1
5915,1
3157,1
3314,1
1722,1
5279,1
1059,0
4636,1
3242,1
1678,0
1757,1
6019,0
4191,1
5116,0
563,1
2790,1
863,1
1484,0
5977,0
5134,0
206,1
4488,1
870,0
4493,0
502,1
1028,1
3840,0
2690,0
5581,0
5056,0
1570,0
2773,1
5991,0
2731,0
804,0
5847,1
3645,0
2454,0
4598,0
3104,0
4875,1
5959,1
200,1
3099,1
6184,0
2278,0
3561,0
5892,1
4474,1
4514,1
5794,1
391,0
5618,1
5258,1
1495,1
2695,1
2027,1
5248,1
5463,1
2568,1
64,1
3884,1
2062,1
5276,1
492,0
379,1
4859,1
3993,0
4887,1
1076,1
878,1
337,0
1016,0
1275,0
3798,1
4551,1
3342,0
4911,0
995,0
1981,0
4297,0
161,1
5675,1
4798,0
1500,1
3843,1
5225,0
2613,1
3461,1
1021,0
3073,0
3943,0
1585,1
1955,0
3152,1
34,0
4014,0
775,1
2556,1
1478,1
5486,0
6235,0
1363,1
2612,1
2824,1
2041,0
241,0
2061,0
2363,0
600,0
2435,0
5393,0
2888,0
6164,0
646,1
3890,1
3556,1
3202,0
1528,1
1267,0
1899,0
4658,1
3005,1
2734,0
189,1
1806,1
975,1
2747,0
2047,1
2558,0
1082,0
474,1
2904,0
4843,0
4117,1
3385,0
4555,0
1184,1
5051,0
5311,1
2433,0
5611,1
2391,0
769,1
1685,0
130,1
2919,0
3171,1
3444,1
6231,0
5578,0
4426,1
5334,1
466,1
6265,0
5734,0
3092,0
3772,1
5191,0
5226,0
5390,1
860,0
